ro,353,481,145,177,149,1,231,true,
c,1028,325,264,222,28,212,false,
o,500,367,296,177,252,33,107,true,
l,110,554,971,325,94,208,146,
tr,1105,578,0,32,0,64,214,143,false,
c,32,263,25,36,104,192,true,
re,724,425,27,241,230,114,189,false,
re,1065,342,185,248,148,14,195,true,
o,910,252,281,44,57,95,250,false,
tr,593,329,0,231,0,215,136,235,false,
t,879,49,544,580,981,71,240,39,18,false,
ri,1064,500,183,10,190,171,246,true,
ro,829,124,93,220,211,226,87,false,
t,1047,287,523,381,698,484,192,183,12,true,
o,901,275,272,217,126,114,93,false,
ro,991,283,275,130,116,182,157,false,
re,679,122,284,220,178,170,203,false,
ri,1004,132,109,20,43,228,189,true,
o,793,201,97,284,162,12,88,false,
o,320,446,272,213,187,166,164,true,
o,992,478,169,79,128,174,100,true,
l,889,60,638,222,54,187,27,
t,772,588,1109,99,777,90,180,67,197,false,
ro,1113,516,115,82,246,238,202,false,
re,889,368,53,159,163,46,47,true,
tr,702,470,0,273,0,111,32,230,true,
tr,1005,324,0,38,0,216,104,116,false,
ri,354,426,224,130,186,57,27,true,
l,385,396,601,353,217,21,75,
c,816,140,24,69,115,48,false,
ri,158,263,275,85,39,234,138,true,
tr,961,423,0,168,0,121,82,224,false,
l,1081,410,6,317,222,9,211,
ri,1045,196,127,55,225,12,254,true,
ri,351,189,117,45,93,43,158,true,
c,117,199,174,40,250,191,true,
tr,851,365,0,17,0,141,182,29,true,
o,894,262,211,101,65,106,185,false,
c,176,456,3,177,181,50,true,
t,679,381,601,454,727,457,136,94,181,false,
c,580,240,74,35,19,122,false,
tr,334,204,0,126,0,245,183,68,false,
ri,621,151,110,38,103,85,30,true,
re,415,166,77,74,208,70,146,false,
re,713,96,23,20,70,158,221,false,
l,796,219,75,320,220,59,135,
ri,155,504,81,56,168,77,192,true,
tr,920,280,0,75,0,35,71,153,true,
c,387,480,136,44,110,71,true,
re,921,127,138,248,232,15,115,false,
